894 489
303 848
366 768
515 746
198 629
318 468
127 859
14 614
143 645
406 873
129 360
475 904
563 825
365 907
276 860
748 914
571 681
108 902
311 326
630 931
194 492
84 147
361 702
484 562
507 761
697 861
2 416
7 643
602 790
435 867
262 606
307 566
170 464
335 450
156 920
180 218
253 898
300 680
149 745
138 747
236 257
222 466
556 677
129 441
746 878
494 766
619 983
56 617
140 373
856 906
89 823
401 748
615 756
796 979
283 869
344 906
29 832
287 894
593 838
83 737
936 948
342 932
199 540
85 385
522 718
519 784
52 927
431 902
193 371
725 870
95 477
513 875
210 325
96 454
100 935
71 919
221 976
322 758
502 777
171 646
369 951
601 846
805 992
890 957
272 360
80 622
212 670
94 598
280 688
828 998
167 198
300 519
333 549
90 466
339 873
13 932
355 500
65 779
364 584
481 785
848 929
31 865
303 804
482 911
848 995
247 635
23 479
30 155
97 227
418 846
199 861
192 735
160 783
189 933
594 649
421 817
814 913
272 849
191 303
236 703
171 498
361 603
74 676
551 794
183 410
103 500
564 771
544 738
269 403
319 366
175 840
99 297
677 829
50 488
196 624
557 829
206 978
332 599
270 973
133 332
427 633
916 970
12 63
238 596
690 735
54 325
363 534
672 771
142 146
70 76
239 916
579 589
534 580
100 288
252 324
729 825
52 566
653 914
621 997
694 930
391 419
443 521
78 669
95 365
546 840
715 839
648 918
406 452
715 771
596 885
431 971
26 276
565 825
718 995
261 495
122 945
518 518
745 831
340 375
63 679
97 241
210 911
189 685
168 545
916 933
147 886
436 631
157 381
107 682
165 437
477 867
16 939
84 377
289 903
296 880
239 418
795 874
675 765
819 846
211 620
306 443
162 618
11 270
501 507
1 528
118 699
344 886
486 972
52 996
202 266
354 754
503 519
72 902
232 389
161 658
712 737
37 453
387 913
514 701
840 919
205 340
677 947
154 868
608 812
263 484
33 474
778 861
86 637
308 990
38 348
574 632
423 834
508 931
42 572
232 331
101 491
551 750
492 707
42 583
522 779
418 620
22 927
264 465
414 685
397 590
439 624
643 817
503 511
264 389
71 982
279 734
636 974
513 974
710 847
368 566
246 453
52 341
929 954
178 453
155 705
31 880
702 956
48 461
937 992
456 562
91 602
535 782
91 275
40 115
940 991
145 462
304 590
399 879
227 312
379 682
46 48
131 342
77 945
84 188
554 727
27 157
183 507
83 370
16 467
399 886
373 483
96 496
92 915
257 497
484 812
281 977
189 844
7 752
106 342
174 256
46 521
614 872
660 909
213 709
46 523
632 747
121 427
487 582
390 447
859 947
674 925
556 664
638 952
42 415
139 471
467 722
546 575
145 484
19 58
19 739
836 932
279 727
239 897
227 281
512 513
37 215
51 599
111 670
42 171
487 760
409 611
62 457
201 993
63 478
489 539
318 434
462 515
388 569
648 707
63 78
374 516
222 674
119 834
352 572
302 335
255 779
534 638
304 379
784 855
54 854
564 818
26 662
569 827
431 889
157 696
39 689
281 615
351 959
191 499
225 545
535 598
352 970
191 677
482 920
785 977
34 147
341 438
4 643
452 452
480 927
118 769
674 812
10 641
449 908
27 628
772 818
224 895
710 824
307 512
139 320
223 251
347 754
648 820
184 285
837 919
53 542
500 660
140 858
45 327
649 938
159 161
535 722
185 275
438 487
440 746
251 612
465 599
31 839
628 748
101 651
510 845
146 338
454 995
49 952
584 834
55 634
342 957
71 331
232 393
738 776
553 879
192 261
23 707
662 856
14 722
6 84
346 665
196 773
20 956
95 736
171 659
27 478
16 267
407 937
176 519
223 548
137 334
56 469
153 434
362 710
504 795
252 654
750 894
395 542
887 921
276 538
152 335
260 677
249 461
821 953
166 570
70 466
371 448
27 645
137 912
248 297
615 970
214 331
720 831
289 518
662 793
129 911
50 435
364 821
344 443
59 239
253 323
209 825
695 752
25 684
89 962
60 959
527 803
137 581
131 343
188 332
265 771
67 521
716 742
717 956
70 103
474 650
216 819
347 813
89 306
705 811
465 835
59 971
103 776
147 678
197 339
97 917
425 625
705 898
49 201
46 772
505 696
322 595
307 461
798 861
37 578
229 505
820 895
358 819
685 803
53 279
161 302
261 724
53 850
570 882
365 724
200 435
44 542
793 843
136 973
138 806
318 651
259 735
483 874
141 912
214 806
733 959
99 260
447 745
101 814
800 999
224 349
674 923
257 316
53 180
289 715
211 377
415 516
29 660
389 977
175 601
123 896
679 908
454 859
396 455
613 633
358 711
298 916
562 836
107 593
343 918
133 943
810 946
462 958
336 706
412 912
111 885
152 485
886 946
201 514
423 820
375 826
746 931
189 712
337 767
134 672
2 117
487 535
92 675
320 341
39 390
57 902
511 537
813 895
311 316
101 235
428 442
596 703
205 362
28 869
419 816
116 528
406 474
799 953
127 720
234 859
163 200
37 803
688 717
486 647
432 573
55 638
342 425
529 837
479 501
32 115
455 615
24 317
68 235
23 997
54 854
124 639
398 876
774 976
708 751
426 608
432 861
373 703
308 488
256 878
100 279
108 326
62 124
5 700
4 208
683 807
334 519
339 759
162 499
219 559
684 980
632 737
485 486
438 551
309 896
846 944
398 591
134 856
564 817
469 684
247 641
244 726
655 995
286 682
189 357
616 842
577 662
113 900
567 857
212 330
5 605
159 664
365 732
99 556
10 511
400 844
132 774
358 516
203 825
518 800
497 911
633 840
635 986
24 492
317 406
325 668
244 377
265 900
389 826
704 942
336 358
283 399
486 884
458 609
530 944
873 898
777 785
224 653
456 628
333 865
417 516
17 493
386 449
508 856
166 986
310 780
294 989
5 312
47 866
366 889
270 967
257 302
611 699
498 604
488 634
187 480
281 668
112 755
549 601
110 532
313 626
316 713
60 372
12 357
88 534
74 977
480 844
376 754
272 676
407 853
417 577
58 778
62 597
363 392
583 638
739 860
206 466
645 926
625 653
370 376
283 367
268 949
460 811
646 823
104 733
873 895
501 748
166 595
296 648
217 555
696 768
167 509
27 645
878 937
77 406
40 919
502 637
136 521
175 199
388 388
107 917
186 375
20 413
492 685
431 548
307 514
384 439
119 640
120 202
300 630
143 867
505 852
874 890
407 706
605 853
642 984
89 301
30 546
137 481
158 733
394 538
559 770
237 695
207 444
96 831
710 746
377 664
362 454
163 327
120 659
549 789
319 651
593 748
278 757
250 385
584 882
602 898
583 671
99 458
689 765
157 305
295 862
19 501
729 781
315 429
459 531
535 824
438 469
132 379
416 517
157 920
246 750
224 915
258 442
44 109
702 786
255 264
196 436
505 718
391 833
547 928
195 496
235 390
684 991
570 722
203 505
346 716
204 285
505 558
528 995
71 404
756 926
35 488
120 502
226 390
978 979
162 539
186 319
597 704
24 634
115 488
327 848
137 335
306 863
56 730
26 554
399 401
465 641
124 533
189 598
238 754
416 669
763 898
377 984
672 808
1 383
93 567
636 892
174 540
396 634
220 360
231 479
22 77
323 423
14 388
202 419
14 322
645 948
576 780
711 995
13 65
313 678
301 835
211 964
676 977
403 642
76 95
162 664
43 662
442 753
187 738
358 711
688 778
436 940
190 659
220 768
661 884
420 872
582 719
72 988
376 377
660 907
441 680
419 635
439 973
317 637
616 841
484 966
237 717
809 897
331 792
472 704
295 489
185 832
338 476
365 440
810 890
38 519
346 635
139 459
177 361
220 684
45 484
491 969
168 668
868 899
428 874
124 417
759 772
584 845
841 928
208 276
88 625
428 923
350 482
205 664
332 834
871 967
40 83
109 830
772 971
299 822
54 368
63 972
51 928
137 176
259 851
468 772
194 803
84 952
6 740
243 579
290 612
455 700
77 210
